2;[0.0, 0.0, 1.0, 3.0, 3.0, 3.0, 1.0, 2.0, 3.0, 5.0, 4.0, 2.0, 2.0, 3.0, 1.0, 4.0, 4.0, 5.0, 6.0, 6.0, 2.0, 2.0, 6.0, 3.0, 3.0, 6.0, 1.0, 6.0, 4.0, 5.0, 5.0, 3.0, 2.0, 2.0, 1.0, 4.0, 3.0, 3.0, 6.0, 6.0, 3.0, 3.0, 1.0, 1.0, 1.0, 6.0, 0.0, 5.0, 5.0, 4.0, 3.0, 5.0, 5.0, 6.0, 0.0, 0.0, 0.0, 4.0, 0.0, 5.0, 1.0, 1.0, 1.0, 6.0];-3596;93.40999174118042;32.8125% idealnego rozwi¹zania
2;[0.0, 0.0, 0.0, 0.0, 6.0, 1.0, 1.0, 2.0, 3.0, 3.0, 3.0, 1.0, 1.0, 3.0, 3.0, 3.0, 4.0, 2.0, 2.0, 6.0, 2.0, 2.0, 2.0, 3.0, 4.0, 3.0, 4.0, 6.0, 6.0, 5.0, 5.0, 5.0, 2.0, 6.0, 6.0, 5.0, 5.0, 5.0, 3.0, 3.0, 0.0, 3.0, 6.0, 1.0, 4.0, 1.0, 1.0, 0.0, 0.0, 4.0, 6.0, 5.0, 6.0, 6.0, 4.0, 4.0, 0.0, 3.0, 3.0, 5.0, 5.0, 4.0, 1.0, 6.0];-2542;95.69599747657776;42.1875% idealnego rozwi¹zania
2;[0.0, 0.0, 2.0, 0.0, 0.0, 0.0, 1.0, 2.0, 3.0, 3.0, 3.0, 3.0, 2.0, 0.0, 2.0, 2.0, 4.0, 3.0, 0.0, 3.0, 2.0, 5.0, 6.0, 5.0, 4.0, 3.0, 0.0, 6.0, 6.0, 0.0, 5.0, 5.0, 1.0, 3.0, 0.0, 6.0, 5.0, 3.0, 2.0, 5.0, 3.0, 3.0, 3.0, 4.0, 5.0, 4.0, 4.0, 4.0, 3.0, 4.0, 1.0, 2.0, 0.0, 6.0, 1.0, 1.0, 0.0, 0.0, 0.0, 5.0, 0.0, 1.0, 1.0, 6.0];-3076;92.795649766922;46.875% idealnego rozwi¹zania
1;[6.0, 1.0, 9.0, 1.0, 2.0, 2.0, 1.0, 2.0, 6.0, 3.0, 0.0, 1.0, 1.0, 0.0, 1.0, 1.0, 5.0, 3.0, 0.0, 4.0, 5.0, 3.0, 4.0, 4.0, 0.0, 3.0, 2.0, 2.0, 6.0, 6.0, 7.0, 1.0, 0.0, 3.0, 4.0, 7.0, 7.0, 8.0, 7.0, 2.0, 6.0, 3.0, 4.0, 8.0, 6.0, 8.0, 7.0, 3.0, 1.0, 8.0, 5.0, 8.0, 9.0, 0.0, 6.0, 9.0, 9.0, 9.0, 5.0, 8.0, 1.0, 7.0, 1.0, 8.0];-4760;117.55759572982788;46.875% idealnego rozwi¹zania
0;[0.0, 1.0, 1.0, 2.0, 2.0, 3.0, 3.0, 4.0, 5.0, 2.0, 2.0, 6.0, 6.0, 2.0, 2.0, 7.0, 7.0, 7.0, 3.0, 6.0, 6.0, 6.0, 1.0, 7.0, 4.0, 4.0, 8.0, 5.0, 8.0, 6.0, 6.0, 1.0, 5.0, 3.0, 6.0, 0.0, 8.0, 4.0, 7.0, 7.0, 0.0, 2.0, 8.0, 0.0, 8.0, 7.0, 1.0, 0.0, 1.0, 2.0, 0.0, 3.0, 8.0, 0.0, 4.0, 0.0, 1.0, 8.0, 8.0, 5.0, 8.0, 2.0, 2.0, 0.0];-4301;96.97097516059875;32.8125% idealnego rozwi¹zania
1;[3.0, 5.0, 0.0, 1.0, 2.0, 2.0, 6.0, 6.0, 3.0, 3.0, 0.0, 4.0, 4.0, 4.0, 1.0, 1.0, 9.0, 9.0, 3.0, 4.0, 2.0, 5.0, 7.0, 9.0, 3.0, 7.0, 3.0, 9.0, 0.0, 6.0, 7.0, 7.0, 0.0, 3.0, 4.0, 7.0, 7.0, 2.0, 3.0, 8.0, 1.0, 9.0, 9.0, 9.0, 6.0, 6.0, 3.0, 8.0, 9.0, 4.0, 3.0, 8.0, 9.0, 9.0, 9.0, 9.0, 9.0, 5.0, 5.0, 5.0, 5.0, 6.0, 6.0, 8.0];-6840;111.51833033561707;39.0625% idealnego rozwi¹zania
1;[0.0, 4.0, 1.0, 1.0, 2.0, 2.0, 9.0, 2.0, 4.0, 3.0, 0.0, 8.0, 8.0, 1.0, 9.0, 1.0, 6.0, 6.0, 0.0, 4.0, 5.0, 5.0, 1.0, 4.0, 6.0, 3.0, 2.0, 4.0, 7.0, 6.0, 7.0, 6.0, 0.0, 0.0, 4.0, 3.0, 7.0, 5.0, 5.0, 6.0, 9.0, 9.0, 4.0, 3.0, 3.0, 3.0, 3.0, 1.0, 6.0, 8.0, 4.0, 9.0, 9.0, 6.0, 8.0, 0.0, 6.0, 8.0, 5.0, 1.0, 1.0, 8.0, 8.0, 8.0];-6440;110.39558815956116;39.0625% idealnego rozwi¹zania
2;[0.0, 0.0, 0.0, 3.0, 4.0, 4.0, 1.0, 2.0, 3.0, 3.0, 6.0, 6.0, 6.0, 0.0, 4.0, 5.0, 4.0, 3.0, 3.0, 5.0, 2.0, 0.0, 1.0, 1.0, 4.0, 3.0, 5.0, 5.0, 6.0, 4.0, 5.0, 4.0, 0.0, 0.0, 3.0, 2.0, 2.0, 3.0, 0.0, 6.0, 5.0, 3.0, 3.0, 1.0, 1.0, 6.0, 0.0, 1.0, 4.0, 4.0, 4.0, 2.0, 1.0, 6.0, 6.0, 6.0, 0.0, 0.0, 0.0, 5.0, 3.0, 3.0, 1.0, 6.0];-3589;94.09539413452148;46.875% idealnego rozwi¹zania
0;[0.0, 0.0, 1.0, 2.0, 3.0, 3.0, 3.0, 4.0, 5.0, 5.0, 7.0, 1.0, 5.0, 2.0, 3.0, 6.0, 0.0, 1.0, 6.0, 6.0, 0.0, 0.0, 1.0, 3.0, 0.0, 2.0, 2.0, 7.0, 7.0, 1.0, 1.0, 3.0, 5.0, 8.0, 6.0, 6.0, 0.0, 4.0, 7.0, 7.0, 0.0, 0.0, 6.0, 5.0, 7.0, 7.0, 4.0, 7.0, 4.0, 4.0, 5.0, 3.0, 7.0, 6.0, 4.0, 1.0, 1.0, 8.0, 2.0, 2.0, 8.0, 5.0, 0.0, 7.0];-5012;100.20520615577698;40.625% idealnego rozwi¹zania
1;[5.0, 4.0, 4.0, 1.0, 2.0, 3.0, 6.0, 2.0, 4.0, 3.0, 0.0, 0.0, 1.0, 6.0, 3.0, 1.0, 0.0, 3.0, 8.0, 4.0, 5.0, 5.0, 0.0, 3.0, 3.0, 3.0, 4.0, 2.0, 7.0, 6.0, 7.0, 3.0, 0.0, 2.0, 4.0, 2.0, 7.0, 4.0, 6.0, 6.0, 1.0, 1.0, 9.0, 1.0, 6.0, 6.0, 4.0, 6.0, 6.0, 8.0, 9.0, 2.0, 9.0, 8.0, 9.0, 9.0, 6.0, 5.0, 5.0, 2.0, 5.0, 3.0, 8.0, 8.0];-6920;110.8295476436615;46.875% idealnego rozwi¹zania
1;[9.0, 0.0, 9.0, 1.0, 2.0, 0.0, 0.0, 2.0, 2.0, 3.0, 9.0, 5.0, 5.0, 6.0, 9.0, 1.0, 8.0, 8.0, 4.0, 4.0, 5.0, 6.0, 1.0, 1.0, 0.0, 0.0, 5.0, 0.0, 5.0, 6.0, 7.0, 7.0, 0.0, 3.0, 4.0, 4.0, 7.0, 7.0, 7.0, 8.0, 5.0, 3.0, 8.0, 6.0, 6.0, 2.0, 3.0, 2.0, 4.0, 8.0, 9.0, 6.0, 9.0, 9.0, 3.0, 9.0, 4.0, 5.0, 5.0, 1.0, 1.0, 4.0, 7.0, 8.0];-5480;111.520268201828;45.3125% idealnego rozwi¹zania
2;[0.0, 5.0, 6.0, 3.0, 0.0, 3.0, 1.0, 2.0, 3.0, 3.0, 6.0, 3.0, 0.0, 5.0, 5.0, 2.0, 4.0, 4.0, 5.0, 4.0, 2.0, 0.0, 5.0, 5.0, 4.0, 3.0, 5.0, 1.0, 2.0, 0.0, 5.0, 0.0, 0.0, 0.0, 3.0, 3.0, 5.0, 6.0, 5.0, 1.0, 4.0, 3.0, 3.0, 4.0, 4.0, 5.0, 5.0, 3.0, 4.0, 4.0, 3.0, 5.0, 6.0, 6.0, 3.0, 3.0, 0.0, 1.0, 1.0, 5.0, 2.0, 2.0, 1.0, 6.0];-2883;91.12269711494446;39.0625% idealnego rozwi¹zania
0;[0.0, 8.0, 1.0, 2.0, 1.0, 2.0, 3.0, 1.0, 5.0, 8.0, 1.0, 3.0, 1.0, 2.0, 3.0, 8.0, 5.0, 5.0, 3.0, 6.0, 8.0, 1.0, 8.0, 2.0, 5.0, 1.0, 8.0, 8.0, 8.0, 1.0, 6.0, 7.0, 5.0, 1.0, 6.0, 5.0, 5.0, 1.0, 7.0, 7.0, 0.0, 0.0, 5.0, 8.0, 7.0, 7.0, 8.0, 7.0, 1.0, 1.0, 2.0, 3.0, 2.0, 2.0, 4.0, 4.0, 1.0, 8.0, 2.0, 1.0, 8.0, 6.0, 5.0, 2.0];-5541;97.22468376159668;42.1875% idealnego rozwi¹zania
0;[0.0, 8.0, 1.0, 2.0, 4.0, 4.0, 3.0, 4.0, 5.0, 8.0, 7.0, 7.0, 4.0, 2.0, 6.0, 4.0, 6.0, 7.0, 7.0, 6.0, 6.0, 2.0, 0.0, 4.0, 8.0, 7.0, 6.0, 1.0, 6.0, 3.0, 3.0, 1.0, 5.0, 1.0, 6.0, 0.0, 0.0, 3.0, 2.0, 7.0, 0.0, 6.0, 1.0, 1.0, 8.0, 7.0, 7.0, 7.0, 0.0, 5.0, 0.0, 3.0, 1.0, 4.0, 4.0, 1.0, 1.0, 8.0, 8.0, 3.0, 8.0, 7.0, 6.0, 6.0];-4941;98.7553198337555;45.3125% idealnego rozwi¹zania
1;[2.0, 2.0, 2.0, 1.0, 2.0, 9.0, 9.0, 2.0, 4.0, 3.0, 0.0, 0.0, 5.0, 1.0, 1.0, 2.0, 9.0, 9.0, 4.0, 4.0, 8.0, 1.0, 5.0, 7.0, 1.0, 3.0, 1.0, 0.0, 0.0, 6.0, 7.0, 7.0, 0.0, 3.0, 4.0, 7.0, 7.0, 8.0, 2.0, 8.0, 0.0, 8.0, 8.0, 0.0, 6.0, 3.0, 8.0, 9.0, 0.0, 8.0, 5.0, 0.0, 9.0, 9.0, 4.0, 9.0, 4.0, 4.0, 5.0, 8.0, 4.0, 5.0, 5.0, 8.0];-6360;111.64340710639954;37.5% idealnego rozwi¹zania
2;[0.0, 5.0, 1.0, 5.0, 6.0, 1.0, 1.0, 2.0, 3.0, 3.0, 1.0, 1.0, 1.0, 1.0, 2.0, 2.0, 4.0, 4.0, 1.0, 6.0, 2.0, 1.0, 5.0, 2.0, 4.0, 4.0, 1.0, 2.0, 2.0, 5.0, 5.0, 4.0, 2.0, 3.0, 2.0, 1.0, 4.0, 5.0, 6.0, 3.0, 2.0, 3.0, 2.0, 1.0, 0.0, 6.0, 0.0, 0.0, 4.0, 4.0, 1.0, 5.0, 0.0, 6.0, 1.0, 2.0, 0.0, 0.0, 1.0, 5.0, 5.0, 1.0, 1.0, 6.0];-2163;91.95636558532715;42.1875% idealnego rozwi¹zania
2;[0.0, 0.0, 3.0, 1.0, 1.0, 6.0, 1.0, 2.0, 3.0, 5.0, 3.0, 2.0, 6.0, 6.0, 1.0, 3.0, 4.0, 6.0, 3.0, 2.0, 2.0, 1.0, 2.0, 3.0, 4.0, 6.0, 0.0, 3.0, 5.0, 6.0, 5.0, 1.0, 0.0, 3.0, 0.0, 3.0, 5.0, 6.0, 5.0, 1.0, 5.0, 3.0, 4.0, 2.0, 3.0, 6.0, 5.0, 3.0, 6.0, 2.0, 4.0, 2.0, 3.0, 6.0, 4.0, 3.0, 0.0, 0.0, 5.0, 5.0, 1.0, 1.0, 1.0, 6.0];-3276;92.45174098014832;43.75% idealnego rozwi¹zania
0;[0.0, 6.0, 1.0, 2.0, 2.0, 2.0, 3.0, 4.0, 5.0, 5.0, 1.0, 6.0, 0.0, 2.0, 6.0, 4.0, 5.0, 0.0, 5.0, 6.0, 2.0, 1.0, 1.0, 4.0, 3.0, 5.0, 5.0, 8.0, 3.0, 7.0, 2.0, 8.0, 5.0, 4.0, 6.0, 7.0, 3.0, 7.0, 8.0, 7.0, 0.0, 4.0, 3.0, 7.0, 2.0, 7.0, 7.0, 7.0, 0.0, 7.0, 7.0, 3.0, 3.0, 7.0, 4.0, 0.0, 1.0, 1.0, 7.0, 8.0, 8.0, 4.0, 4.0, 8.0];-4701;97.76925468444824;45.3125% idealnego rozwi¹zania
1;[6.0, 6.0, 1.0, 1.0, 2.0, 8.0, 5.0, 1.0, 3.0, 3.0, 0.0, 4.0, 3.0, 3.0, 4.0, 1.0, 2.0, 8.0, 4.0, 4.0, 1.0, 6.0, 4.0, 5.0, 2.0, 8.0, 7.0, 3.0, 9.0, 6.0, 7.0, 6.0, 0.0, 3.0, 4.0, 3.0, 7.0, 8.0, 8.0, 7.0, 0.0, 9.0, 8.0, 2.0, 7.0, 7.0, 4.0, 4.0, 6.0, 8.0, 8.0, 8.0, 9.0, 3.0, 7.0, 9.0, 7.0, 6.0, 5.0, 5.0, 9.0, 9.0, 8.0, 8.0];-7370;110.5511908531189;35.9375% idealnego rozwi¹zania
2;[0.0, 0.0, 6.0, 5.0, 5.0, 2.0, 1.0, 2.0, 3.0, 6.0, 0.0, 6.0, 6.0, 2.0, 1.0, 2.0, 4.0, 1.0, 1.0, 5.0, 2.0, 2.0, 5.0, 3.0, 4.0, 5.0, 2.0, 5.0, 6.0, 5.0, 5.0, 3.0, 1.0, 5.0, 4.0, 6.0, 3.0, 6.0, 6.0, 3.0, 1.0, 3.0, 4.0, 6.0, 3.0, 6.0, 0.0, 3.0, 3.0, 4.0, 4.0, 6.0, 2.0, 6.0, 0.0, 1.0, 0.0, 1.0, 5.0, 5.0, 3.0, 1.0, 1.0, 6.0];-2756;93.51270890235901;31.25% idealnego rozwi¹zania
2;[0.0, 2.0, 5.0, 4.0, 6.0, 5.0, 1.0, 2.0, 3.0, 2.0, 2.0, 1.0, 5.0, 5.0, 1.0, 5.0, 4.0, 6.0, 1.0, 1.0, 2.0, 2.0, 1.0, 3.0, 4.0, 1.0, 2.0, 3.0, 3.0, 5.0, 5.0, 3.0, 4.0, 4.0, 4.0, 3.0, 5.0, 0.0, 6.0, 4.0, 3.0, 3.0, 0.0, 0.0, 3.0, 0.0, 6.0, 4.0, 3.0, 4.0, 4.0, 3.0, 3.0, 6.0, 6.0, 2.0, 0.0, 0.0, 1.0, 5.0, 5.0, 6.0, 1.0, 6.0];-3203;92.15988945960999;35.9375% idealnego rozwi¹zania
1;[4.0, 5.0, 1.0, 2.0, 2.0, 2.0, 2.0, 2.0, 7.0, 3.0, 0.0, 4.0, 2.0, 8.0, 3.0, 1.0, 0.0, 3.0, 9.0, 4.0, 5.0, 5.0, 6.0, 6.0, 9.0, 9.0, 9.0, 7.0, 6.0, 6.0, 7.0, 7.0, 2.0, 3.0, 4.0, 7.0, 7.0, 2.0, 1.0, 0.0, 8.0, 6.0, 5.0, 0.0, 6.0, 6.0, 3.0, 0.0, 8.0, 8.0, 5.0, 5.0, 9.0, 7.0, 5.0, 9.0, 5.0, 5.0, 5.0, 9.0, 9.0, 6.0, 8.0, 8.0];-6010;109.76466274261475;45.3125% idealnego rozwi¹zania
2;[0.0, 3.0, 3.0, 0.0, 0.0, 1.0, 1.0, 2.0, 3.0, 1.0, 1.0, 4.0, 5.0, 6.0, 6.0, 6.0, 4.0, 2.0, 4.0, 4.0, 2.0, 6.0, 1.0, 1.0, 6.0, 6.0, 0.0, 4.0, 4.0, 5.0, 5.0, 1.0, 1.0, 6.0, 0.0, 1.0, 6.0, 0.0, 0.0, 2.0, 0.0, 3.0, 6.0, 6.0, 4.0, 6.0, 4.0, 6.0, 0.0, 4.0, 0.0, 3.0, 3.0, 6.0, 1.0, 6.0, 0.0, 1.0, 0.0, 5.0, 5.0, 4.0, 1.0, 6.0];-3723;90.01519536972046;35.9375% idealnego rozwi¹zania
0;[0.0, 0.0, 1.0, 2.0, 2.0, 2.0, 3.0, 4.0, 5.0, 0.0, 6.0, 2.0, 1.0, 2.0, 5.0, 4.0, 6.0, 8.0, 4.0, 6.0, 2.0, 8.0, 8.0, 7.0, 8.0, 5.0, 6.0, 6.0, 5.0, 5.0, 8.0, 7.0, 5.0, 6.0, 6.0, 0.0, 4.0, 3.0, 3.0, 7.0, 0.0, 7.0, 0.0, 0.0, 0.0, 6.0, 8.0, 1.0, 0.0, 2.0, 2.0, 3.0, 5.0, 5.0, 4.0, 4.0, 1.0, 8.0, 8.0, 1.0, 8.0, 8.0, 0.0, 3.0];-5683;100.52622938156128;40.625% idealnego rozwi¹zania
2;[0.0, 6.0, 3.0, 1.0, 6.0, 2.0, 1.0, 2.0, 3.0, 3.0, 3.0, 1.0, 1.0, 2.0, 1.0, 2.0, 4.0, 0.0, 5.0, 5.0, 2.0, 2.0, 0.0, 4.0, 4.0, 6.0, 6.0, 6.0, 4.0, 4.0, 5.0, 5.0, 0.0, 0.0, 2.0, 1.0, 1.0, 4.0, 3.0, 4.0, 0.0, 3.0, 2.0, 2.0, 3.0, 4.0, 0.0, 0.0, 6.0, 4.0, 1.0, 1.0, 3.0, 6.0, 4.0, 6.0, 0.0, 0.0, 1.0, 5.0, 5.0, 6.0, 1.0, 6.0];-2563;91.57701563835144;34.375% idealnego rozwi¹zania
2;[0.0, 0.0, 1.0, 0.0, 4.0, 4.0, 1.0, 2.0, 3.0, 5.0, 1.0, 0.0, 4.0, 1.0, 1.0, 6.0, 4.0, 5.0, 6.0, 0.0, 2.0, 3.0, 1.0, 0.0, 0.0, 4.0, 6.0, 6.0, 2.0, 3.0, 5.0, 6.0, 4.0, 4.0, 4.0, 4.0, 4.0, 3.0, 0.0, 0.0, 1.0, 3.0, 3.0, 5.0, 5.0, 0.0, 1.0, 0.0, 3.0, 4.0, 4.0, 6.0, 6.0, 6.0, 1.0, 0.0, 0.0, 1.0, 5.0, 5.0, 5.0, 5.0, 1.0, 6.0];-3116;93.41036748886108;29.6875% idealnego rozwi¹zania
2;[0.0, 5.0, 5.0, 0.0, 5.0, 5.0, 1.0, 2.0, 3.0, 3.0, 3.0, 0.0, 2.0, 1.0, 1.0, 0.0, 4.0, 4.0, 5.0, 6.0, 2.0, 6.0, 6.0, 6.0, 4.0, 6.0, 5.0, 6.0, 2.0, 5.0, 5.0, 6.0, 1.0, 1.0, 4.0, 4.0, 2.0, 3.0, 3.0, 4.0, 3.0, 3.0, 0.0, 2.0, 1.0, 0.0, 6.0, 0.0, 4.0, 4.0, 5.0, 0.0, 0.0, 6.0, 6.0, 2.0, 0.0, 0.0, 5.0, 5.0, 1.0, 0.0, 1.0, 6.0];-3083;91.56552124023438;35.9375% idealnego rozwi¹zania
1;[0.0, 0.0, 1.0, 1.0, 2.0, 2.0, 7.0, 2.0, 0.0, 3.0, 0.0, 2.0, 5.0, 4.0, 4.0, 1.0, 5.0, 5.0, 0.0, 4.0, 5.0, 5.0, 4.0, 9.0, 5.0, 5.0, 5.0, 4.0, 6.0, 6.0, 7.0, 7.0, 9.0, 3.0, 5.0, 5.0, 7.0, 5.0, 3.0, 7.0, 5.0, 3.0, 6.0, 6.0, 6.0, 6.0, 3.0, 7.0, 9.0, 2.0, 8.0, 8.0, 9.0, 3.0, 9.0, 9.0, 8.0, 2.0, 5.0, 6.0, 2.0, 8.0, 8.0, 8.0];-6320;111.67201471328735;45.3125% idealnego rozwi¹zania
0;[0.0, 0.0, 1.0, 1.0, 8.0, 8.0, 3.0, 4.0, 5.0, 2.0, 5.0, 6.0, 0.0, 2.0, 1.0, 4.0, 1.0, 1.0, 5.0, 6.0, 6.0, 4.0, 1.0, 8.0, 5.0, 1.0, 7.0, 7.0, 7.0, 8.0, 8.0, 7.0, 5.0, 1.0, 6.0, 8.0, 0.0, 8.0, 1.0, 7.0, 4.0, 4.0, 6.0, 1.0, 0.0, 7.0, 7.0, 7.0, 6.0, 8.0, 0.0, 3.0, 1.0, 7.0, 4.0, 7.0, 1.0, 8.0, 6.0, 6.0, 8.0, 8.0, 4.0, 3.0];-5292;96.82385468482971;35.9375% idealnego rozwi¹zania
2;[0.0, 2.0, 0.0, 2.0, 1.0, 2.0, 1.0, 2.0, 3.0, 3.0, 0.0, 2.0, 1.0, 5.0, 6.0, 2.0, 4.0, 2.0, 0.0, 4.0, 2.0, 5.0, 0.0, 0.0, 2.0, 2.0, 1.0, 3.0, 2.0, 3.0, 5.0, 5.0, 5.0, 3.0, 5.0, 2.0, 4.0, 4.0, 1.0, 1.0, 5.0, 3.0, 5.0, 2.0, 0.0, 1.0, 1.0, 3.0, 1.0, 4.0, 1.0, 2.0, 0.0, 6.0, 3.0, 3.0, 0.0, 2.0, 5.0, 5.0, 4.0, 6.0, 1.0, 6.0];-3803;93.24665927886963;37.5% idealnego rozwi¹zania
1;[9.0, 7.0, 7.0, 1.0, 2.0, 9.0, 4.0, 2.0, 3.0, 3.0, 8.0, 1.0, 2.0, 5.0, 8.0, 1.0, 0.0, 4.0, 4.0, 4.0, 5.0, 5.0, 4.0, 6.0, 0.0, 6.0, 2.0, 7.0, 7.0, 6.0, 7.0, 4.0, 0.0, 3.0, 4.0, 4.0, 7.0, 6.0, 4.0, 1.0, 9.0, 9.0, 5.0, 7.0, 6.0, 6.0, 1.0, 9.0, 8.0, 8.0, 5.0, 0.0, 9.0, 6.0, 6.0, 9.0, 8.0, 8.0, 5.0, 0.0, 3.0, 3.0, 7.0, 8.0];-5250;108.62589192390442;40.625% idealnego rozwi¹zania
2;[0.0, 0.0, 4.0, 4.0, 2.0, 6.0, 1.0, 2.0, 3.0, 3.0, 4.0, 5.0, 5.0, 6.0, 6.0, 1.0, 4.0, 2.0, 2.0, 2.0, 2.0, 2.0, 0.0, 6.0, 0.0, 0.0, 4.0, 4.0, 6.0, 4.0, 5.0, 5.0, 4.0, 6.0, 6.0, 2.0, 2.0, 3.0, 3.0, 3.0, 5.0, 3.0, 6.0, 0.0, 4.0, 2.0, 2.0, 2.0, 5.0, 4.0, 4.0, 0.0, 2.0, 6.0, 1.0, 6.0, 0.0, 0.0, 1.0, 5.0, 0.0, 1.0, 1.0, 6.0];-3716;92.93901515007019;31.25% idealnego rozwi¹zania
0;[0.0, 0.0, 1.0, 2.0, 2.0, 7.0, 3.0, 4.0, 5.0, 0.0, 1.0, 6.0, 6.0, 1.0, 6.0, 4.0, 5.0, 0.0, 1.0, 6.0, 0.0, 0.0, 1.0, 4.0, 5.0, 3.0, 1.0, 5.0, 5.0, 5.0, 6.0, 7.0, 5.0, 4.0, 6.0, 1.0, 0.0, 0.0, 8.0, 7.0, 0.0, 4.0, 4.0, 1.0, 0.0, 7.0, 2.0, 4.0, 0.0, 8.0, 3.0, 3.0, 0.0, 6.0, 6.0, 7.0, 1.0, 8.0, 8.0, 7.0, 8.0, 8.0, 8.0, 1.0];-5034;101.14943146705627;45.3125% idealnego rozwi¹zania
2;[0.0, 0.0, 0.0, 3.0, 0.0, 1.0, 1.0, 2.0, 3.0, 3.0, 5.0, 4.0, 3.0, 3.0, 5.0, 2.0, 4.0, 2.0, 4.0, 4.0, 2.0, 3.0, 5.0, 0.0, 4.0, 2.0, 6.0, 6.0, 4.0, 4.0, 5.0, 2.0, 6.0, 5.0, 5.0, 5.0, 1.0, 2.0, 2.0, 6.0, 5.0, 3.0, 1.0, 4.0, 1.0, 1.0, 3.0, 6.0, 0.0, 4.0, 1.0, 4.0, 6.0, 6.0, 3.0, 0.0, 0.0, 3.0, 3.0, 5.0, 6.0, 6.0, 1.0, 6.0];-2629;92.75101494789124;35.9375% idealnego rozwi¹zania
2;[0.0, 0.0, 2.0, 0.0, 0.0, 0.0, 1.0, 2.0, 3.0, 2.0, 1.0, 2.0, 2.0, 5.0, 3.0, 2.0, 4.0, 2.0, 2.0, 6.0, 2.0, 2.0, 4.0, 4.0, 4.0, 1.0, 1.0, 0.0, 2.0, 2.0, 5.0, 0.0, 0.0, 3.0, 6.0, 0.0, 3.0, 0.0, 0.0, 0.0, 0.0, 3.0, 6.0, 0.0, 3.0, 6.0, 3.0, 0.0, 0.0, 4.0, 1.0, 1.0, 3.0, 6.0, 3.0, 1.0, 0.0, 5.0, 5.0, 5.0, 4.0, 6.0, 1.0, 6.0];-2796;92.83293175697327;29.6875% idealnego rozwi¹zania
2;[0.0, 5.0, 5.0, 6.0, 3.0, 1.0, 1.0, 2.0, 3.0, 3.0, 5.0, 3.0, 3.0, 3.0, 6.0, 2.0, 4.0, 3.0, 1.0, 1.0, 2.0, 5.0, 5.0, 6.0, 4.0, 4.0, 5.0, 5.0, 4.0, 4.0, 5.0, 5.0, 4.0, 4.0, 3.0, 5.0, 3.0, 3.0, 1.0, 0.0, 6.0, 3.0, 2.0, 6.0, 1.0, 0.0, 6.0, 0.0, 1.0, 4.0, 1.0, 1.0, 6.0, 6.0, 6.0, 6.0, 0.0, 0.0, 0.0, 5.0, 1.0, 1.0, 1.0, 6.0];-3163;90.0930757522583;45.3125% idealnego rozwi¹zania
1;[2.0, 9.0, 1.0, 1.0, 2.0, 6.0, 1.0, 2.0, 8.0, 8.0, 0.0, 5.0, 2.0, 9.0, 9.0, 1.0, 9.0, 9.0, 9.0, 4.0, 5.0, 7.0, 7.0, 1.0, 0.0, 1.0, 4.0, 4.0, 5.0, 6.0, 7.0, 1.0, 0.0, 3.0, 4.0, 4.0, 7.0, 9.0, 9.0, 3.0, 3.0, 3.0, 9.0, 5.0, 7.0, 4.0, 3.0, 1.0, 8.0, 8.0, 5.0, 2.0, 9.0, 5.0, 6.0, 9.0, 7.0, 8.0, 5.0, 9.0, 9.0, 0.0, 8.0, 8.0];-6250;109.97880029678345;35.9375% idealnego rozwi¹zania
1;[7.0, 4.0, 2.0, 1.0, 2.0, 4.0, 2.0, 2.0, 7.0, 3.0, 0.0, 1.0, 5.0, 3.0, 7.0, 1.0, 0.0, 6.0, 4.0, 4.0, 5.0, 3.0, 7.0, 7.0, 0.0, 6.0, 4.0, 8.0, 6.0, 6.0, 7.0, 0.0, 0.0, 3.0, 4.0, 7.0, 7.0, 9.0, 7.0, 1.0, 8.0, 8.0, 0.0, 0.0, 7.0, 7.0, 0.0, 9.0, 8.0, 8.0, 7.0, 6.0, 9.0, 6.0, 8.0, 9.0, 8.0, 0.0, 5.0, 5.0, 9.0, 6.0, 6.0, 8.0];-4650;110.9488296508789;40.625% idealnego rozwi¹zania
2;[0.0, 0.0, 5.0, 4.0, 4.0, 4.0, 1.0, 2.0, 3.0, 5.0, 6.0, 4.0, 2.0, 2.0, 6.0, 6.0, 4.0, 0.0, 6.0, 4.0, 2.0, 2.0, 5.0, 2.0, 4.0, 6.0, 5.0, 6.0, 6.0, 0.0, 5.0, 3.0, 5.0, 5.0, 1.0, 1.0, 6.0, 4.0, 3.0, 3.0, 5.0, 3.0, 5.0, 1.0, 6.0, 4.0, 0.0, 3.0, 4.0, 4.0, 3.0, 4.0, 4.0, 6.0, 0.0, 0.0, 0.0, 0.0, 5.0, 5.0, 5.0, 5.0, 1.0, 6.0];-3516;93.6025013923645;31.25% idealnego rozwi¹zania
1;[2.0, 3.0, 2.0, 8.0, 2.0, 5.0, 3.0, 2.0, 3.0, 3.0, 0.0, 0.0, 5.0, 5.0, 5.0, 1.0, 2.0, 5.0, 5.0, 4.0, 5.0, 3.0, 3.0, 1.0, 2.0, 2.0, 9.0, 1.0, 6.0, 6.0, 7.0, 9.0, 0.0, 3.0, 4.0, 1.0, 7.0, 0.0, 1.0, 1.0, 0.0, 3.0, 3.0, 6.0, 6.0, 3.0, 1.0, 8.0, 6.0, 8.0, 8.0, 9.0, 9.0, 8.0, 1.0, 9.0, 1.0, 8.0, 5.0, 0.0, 0.0, 1.0, 5.0, 8.0];-5760;113.40324926376343;31.25% idealnego rozwi¹zania
0;[0.0, 0.0, 1.0, 2.0, 2.0, 5.0, 3.0, 4.0, 5.0, 6.0, 6.0, 4.0, 2.0, 2.0, 3.0, 1.0, 5.0, 0.0, 6.0, 6.0, 8.0, 0.0, 0.0, 1.0, 8.0, 1.0, 2.0, 2.0, 6.0, 2.0, 1.0, 7.0, 5.0, 1.0, 6.0, 6.0, 6.0, 2.0, 3.0, 7.0, 0.0, 0.0, 7.0, 1.0, 6.0, 2.0, 3.0, 3.0, 4.0, 0.0, 7.0, 3.0, 3.0, 6.0, 4.0, 4.0, 1.0, 8.0, 8.0, 3.0, 8.0, 8.0, 8.0, 7.0];-3772;98.61876726150513;43.75% idealnego rozwi¹zania
1;[4.0, 8.0, 2.0, 1.0, 2.0, 6.0, 3.0, 2.0, 3.0, 3.0, 0.0, 1.0, 9.0, 1.0, 0.0, 1.0, 0.0, 1.0, 6.0, 4.0, 5.0, 1.0, 3.0, 3.0, 3.0, 0.0, 2.0, 2.0, 5.0, 6.0, 7.0, 4.0, 0.0, 3.0, 4.0, 6.0, 7.0, 7.0, 7.0, 4.0, 8.0, 7.0, 4.0, 9.0, 6.0, 3.0, 6.0, 6.0, 8.0, 8.0, 5.0, 9.0, 9.0, 0.0, 9.0, 9.0, 1.0, 8.0, 5.0, 9.0, 7.0, 6.0, 8.0, 8.0];-5770;111.71241331100464;46.875% idealnego rozwi¹zania
1;[8.0, 9.0, 8.0, 1.0, 1.0, 7.0, 1.0, 2.0, 3.0, 3.0, 0.0, 5.0, 8.0, 7.0, 1.0, 1.0, 0.0, 3.0, 3.0, 4.0, 5.0, 8.0, 4.0, 6.0, 8.0, 8.0, 4.0, 6.0, 5.0, 6.0, 4.0, 7.0, 0.0, 3.0, 4.0, 0.0, 7.0, 0.0, 5.0, 7.0, 1.0, 9.0, 9.0, 0.0, 6.0, 6.0, 5.0, 9.0, 8.0, 8.0, 1.0, 1.0, 9.0, 6.0, 0.0, 9.0, 9.0, 0.0, 5.0, 9.0, 9.0, 3.0, 3.0, 8.0];-6770;110.64167165756226;39.0625% idealnego rozwi¹zania
1;[7.0, 3.0, 1.0, 1.0, 2.0, 8.0, 8.0, 2.0, 3.0, 3.0, 0.0, 1.0, 6.0, 6.0, 8.0, 1.0, 2.0, 7.0, 7.0, 4.0, 5.0, 6.0, 5.0, 9.0, 0.0, 3.0, 8.0, 1.0, 1.0, 6.0, 7.0, 4.0, 0.0, 3.0, 4.0, 3.0, 7.0, 9.0, 7.0, 0.0, 5.0, 1.0, 4.0, 6.0, 6.0, 7.0, 1.0, 4.0, 5.0, 8.0, 8.0, 6.0, 9.0, 9.0, 7.0, 9.0, 8.0, 4.0, 5.0, 6.0, 9.0, 4.0, 7.0, 8.0];-5370;111.22548151016235;45.3125% idealnego rozwi¹zania
0;[0.0, 1.0, 1.0, 2.0, 3.0, 3.0, 3.0, 4.0, 5.0, 5.0, 5.0, 2.0, 5.0, 2.0, 3.0, 3.0, 1.0, 1.0, 3.0, 6.0, 5.0, 6.0, 3.0, 7.0, 8.0, 8.0, 6.0, 6.0, 6.0, 3.0, 1.0, 2.0, 5.0, 1.0, 6.0, 8.0, 6.0, 8.0, 7.0, 7.0, 0.0, 5.0, 4.0, 8.0, 7.0, 7.0, 3.0, 3.0, 0.0, 3.0, 6.0, 3.0, 3.0, 8.0, 4.0, 4.0, 1.0, 8.0, 6.0, 0.0, 8.0, 8.0, 7.0, 0.0];-4101;96.47067189216614;37.5% idealnego rozwi¹zania
1;[6.0, 3.0, 3.0, 1.0, 2.0, 0.0, 0.0, 2.0, 6.0, 3.0, 0.0, 7.0, 3.0, 3.0, 2.0, 1.0, 0.0, 4.0, 4.0, 4.0, 5.0, 5.0, 2.0, 0.0, 0.0, 6.0, 9.0, 0.0, 7.0, 6.0, 6.0, 5.0, 0.0, 3.0, 4.0, 4.0, 7.0, 7.0, 8.0, 1.0, 8.0, 3.0, 0.0, 0.0, 6.0, 4.0, 0.0, 9.0, 0.0, 8.0, 0.0, 3.0, 9.0, 9.0, 0.0, 9.0, 3.0, 0.0, 5.0, 3.0, 3.0, 9.0, 9.0, 8.0];-5690;108.0649163722992;37.5% idealnego rozwi¹zania
0;[7.0, 7.0, 1.0, 6.0, 6.0, 3.0, 3.0, 4.0, 5.0, 1.0, 1.0, 1.0, 6.0, 2.0, 8.0, 6.0, 5.0, 1.0, 6.0, 6.0, 6.0, 2.0, 8.0, 6.0, 5.0, 1.0, 7.0, 1.0, 7.0, 7.0, 7.0, 7.0, 5.0, 6.0, 6.0, 4.0, 7.0, 7.0, 8.0, 7.0, 0.0, 3.0, 4.0, 3.0, 8.0, 7.0, 8.0, 6.0, 1.0, 3.0, 7.0, 3.0, 7.0, 1.0, 4.0, 6.0, 1.0, 8.0, 8.0, 3.0, 8.0, 1.0, 4.0, 4.0];-4092;98.428227186203;37.5% idealnego rozwi¹zania
0;[0.0, 0.0, 1.0, 2.0, 2.0, 2.0, 3.0, 4.0, 5.0, 3.0, 1.0, 4.0, 2.0, 2.0, 2.0, 4.0, 5.0, 4.0, 1.0, 6.0, 0.0, 7.0, 5.0, 7.0, 7.0, 7.0, 1.0, 4.0, 0.0, 2.0, 4.0, 7.0, 5.0, 3.0, 8.0, 4.0, 3.0, 7.0, 2.0, 7.0, 0.0, 8.0, 8.0, 2.0, 6.0, 7.0, 1.0, 1.0, 1.0, 8.0, 3.0, 3.0, 6.0, 4.0, 4.0, 8.0, 1.0, 8.0, 3.0, 8.0, 8.0, 7.0, 4.0, 4.0];-4372;99.30149745941162;43.75% idealnego rozwi¹zania
1;[9.0, 0.0, 0.0, 1.0, 2.0, 6.0, 8.0, 2.0, 3.0, 3.0, 0.0, 1.0, 0.0, 8.0, 1.0, 1.0, 3.0, 2.0, 8.0, 5.0, 5.0, 1.0, 8.0, 1.0, 0.0, 5.0, 8.0, 4.0, 8.0, 6.0, 6.0, 8.0, 0.0, 3.0, 4.0, 7.0, 7.0, 4.0, 9.0, 6.0, 9.0, 9.0, 5.0, 5.0, 6.0, 6.0, 9.0, 6.0, 9.0, 8.0, 7.0, 4.0, 9.0, 9.0, 9.0, 9.0, 9.0, 7.0, 5.0, 5.0, 1.0, 2.0, 2.0, 8.0];-6630;113.17096328735352;46.875% idealnego rozwi¹zania
1;[0.0, 0.0, 0.0, 1.0, 2.0, 9.0, 2.0, 2.0, 8.0, 3.0, 0.0, 1.0, 5.0, 9.0, 0.0, 1.0, 0.0, 3.0, 3.0, 4.0, 5.0, 6.0, 9.0, 8.0, 3.0, 6.0, 4.0, 0.0, 3.0, 6.0, 7.0, 8.0, 0.0, 3.0, 4.0, 9.0, 7.0, 6.0, 7.0, 8.0, 4.0, 4.0, 8.0, 5.0, 6.0, 7.0, 0.0, 9.0, 2.0, 8.0, 8.0, 1.0, 9.0, 7.0, 5.0, 9.0, 6.0, 1.0, 5.0, 1.0, 9.0, 0.0, 0.0, 8.0];-4700;113.37149453163147;50.0% idealnego rozwi¹zania
0;[0.0, 0.0, 1.0, 3.0, 0.0, 0.0, 3.0, 4.0, 5.0, 4.0, 0.0, 3.0, 4.0, 2.0, 3.0, 4.0, 4.0, 4.0, 3.0, 6.0, 6.0, 3.0, 6.0, 0.0, 3.0, 3.0, 3.0, 8.0, 8.0, 7.0, 4.0, 0.0, 5.0, 5.0, 6.0, 3.0, 7.0, 7.0, 2.0, 7.0, 0.0, 0.0, 2.0, 3.0, 1.0, 7.0, 7.0, 1.0, 6.0, 5.0, 2.0, 3.0, 4.0, 4.0, 4.0, 7.0, 1.0, 8.0, 5.0, 8.0, 8.0, 8.0, 0.0, 7.0];-5132;98.19368004798889;40.625% idealnego rozwi¹zania
0;[2.0, 2.0, 1.0, 2.0, 8.0, 8.0, 3.0, 4.0, 5.0, 6.0, 5.0, 5.0, 3.0, 2.0, 3.0, 1.0, 5.0, 0.0, 6.0, 6.0, 3.0, 4.0, 4.0, 1.0, 4.0, 1.0, 6.0, 5.0, 5.0, 2.0, 4.0, 7.0, 5.0, 6.0, 6.0, 6.0, 6.0, 2.0, 3.0, 7.0, 0.0, 7.0, 3.0, 6.0, 4.0, 7.0, 4.0, 2.0, 7.0, 5.0, 3.0, 3.0, 1.0, 7.0, 4.0, 1.0, 1.0, 8.0, 8.0, 8.0, 8.0, 7.0, 7.0, 1.0];-4812;97.61948490142822;45.3125% idealnego rozwi¹zania
0;[0.0, 0.0, 1.0, 6.0, 4.0, 3.0, 3.0, 4.0, 5.0, 3.0, 3.0, 0.0, 0.0, 2.0, 2.0, 4.0, 5.0, 7.0, 4.0, 6.0, 1.0, 1.0, 7.0, 4.0, 3.0, 3.0, 4.0, 3.0, 5.0, 4.0, 0.0, 0.0, 5.0, 6.0, 6.0, 3.0, 5.0, 1.0, 0.0, 7.0, 5.0, 8.0, 5.0, 0.0, 7.0, 7.0, 3.0, 4.0, 2.0, 2.0, 7.0, 3.0, 0.0, 0.0, 4.0, 4.0, 1.0, 8.0, 8.0, 3.0, 8.0, 0.0, 1.0, 5.0];-5812;100.05562901496887;34.375% idealnego rozwi¹zania
0;[0.0, 0.0, 2.0, 2.0, 8.0, 0.0, 3.0, 4.0, 5.0, 5.0, 6.0, 5.0, 2.0, 2.0, 7.0, 7.0, 0.0, 7.0, 1.0, 6.0, 5.0, 4.0, 4.0, 3.0, 7.0, 7.0, 1.0, 1.0, 5.0, 8.0, 4.0, 4.0, 5.0, 6.0, 6.0, 4.0, 7.0, 8.0, 4.0, 7.0, 0.0, 1.0, 8.0, 0.0, 7.0, 7.0, 1.0, 7.0, 0.0, 1.0, 2.0, 3.0, 7.0, 4.0, 4.0, 0.0, 5.0, 8.0, 2.0, 3.0, 8.0, 8.0, 4.0, 0.0];-5532;99.58410382270813;35.9375% idealnego rozwi¹zania
2;[0.0, 0.0, 0.0, 4.0, 4.0, 4.0, 5.0, 2.0, 3.0, 4.0, 0.0, 4.0, 1.0, 1.0, 2.0, 0.0, 4.0, 4.0, 4.0, 2.0, 2.0, 1.0, 5.0, 0.0, 3.0, 3.0, 6.0, 2.0, 1.0, 5.0, 5.0, 5.0, 3.0, 3.0, 3.0, 2.0, 3.0, 6.0, 4.0, 4.0, 4.0, 3.0, 5.0, 2.0, 2.0, 6.0, 3.0, 4.0, 4.0, 4.0, 5.0, 3.0, 2.0, 6.0, 1.0, 1.0, 0.0, 6.0, 5.0, 5.0, 2.0, 6.0, 1.0, 6.0];-3582;95.20603704452515;35.9375% idealnego rozwi¹zania
0;[0.0, 0.0, 1.0, 2.0, 0.0, 4.0, 3.0, 4.0, 5.0, 8.0, 5.0, 7.0, 1.0, 2.0, 3.0, 3.0, 8.0, 8.0, 1.0, 6.0, 6.0, 7.0, 7.0, 5.0, 5.0, 7.0, 6.0, 2.0, 2.0, 0.0, 0.0, 5.0, 5.0, 7.0, 6.0, 7.0, 1.0, 3.0, 3.0, 7.0, 0.0, 7.0, 7.0, 7.0, 5.0, 7.0, 8.0, 8.0, 1.0, 0.0, 5.0, 3.0, 7.0, 5.0, 5.0, 2.0, 1.0, 8.0, 8.0, 2.0, 8.0, 5.0, 0.0, 0.0];-5932;99.41529607772827;39.0625% idealnego rozwi¹zania
2;[0.0, 0.0, 4.0, 4.0, 0.0, 4.0, 1.0, 2.0, 3.0, 3.0, 4.0, 2.0, 2.0, 5.0, 1.0, 5.0, 4.0, 6.0, 1.0, 1.0, 2.0, 5.0, 5.0, 5.0, 5.0, 5.0, 1.0, 3.0, 6.0, 5.0, 5.0, 2.0, 6.0, 4.0, 2.0, 0.0, 5.0, 2.0, 2.0, 2.0, 3.0, 3.0, 3.0, 0.0, 5.0, 6.0, 3.0, 1.0, 0.0, 4.0, 3.0, 3.0, 5.0, 6.0, 0.0, 6.0, 0.0, 4.0, 5.0, 5.0, 2.0, 2.0, 1.0, 6.0];-2876;91.80181455612183;32.8125% idealnego rozwi¹zania
2;[0.0, 0.0, 0.0, 6.0, 0.0, 1.0, 1.0, 2.0, 3.0, 3.0, 0.0, 6.0, 0.0, 0.0, 1.0, 2.0, 4.0, 6.0, 6.0, 3.0, 2.0, 4.0, 2.0, 2.0, 4.0, 0.0, 3.0, 4.0, 2.0, 4.0, 5.0, 6.0, 1.0, 3.0, 0.0, 6.0, 5.0, 2.0, 5.0, 5.0, 6.0, 3.0, 6.0, 3.0, 6.0, 5.0, 5.0, 5.0, 5.0, 4.0, 2.0, 6.0, 6.0, 6.0, 6.0, 6.0, 0.0, 0.0, 2.0, 5.0, 5.0, 1.0, 1.0, 6.0];-2822;96.68913626670837;45.3125% idealnego rozwi¹zania
0;[0.0, 8.0, 1.0, 2.0, 2.0, 2.0, 3.0, 4.0, 5.0, 8.0, 1.0, 1.0, 7.0, 2.0, 3.0, 4.0, 6.0, 6.0, 8.0, 6.0, 7.0, 5.0, 3.0, 0.0, 3.0, 1.0, 1.0, 6.0, 4.0, 3.0, 8.0, 0.0, 5.0, 3.0, 6.0, 0.0, 0.0, 3.0, 7.0, 7.0, 0.0, 3.0, 0.0, 0.0, 8.0, 7.0, 0.0, 7.0, 8.0, 8.0, 3.0, 3.0, 0.0, 4.0, 4.0, 2.0, 1.0, 8.0, 7.0, 3.0, 8.0, 7.0, 8.0, 1.0];-4181;96.89804029464722;45.3125% idealnego rozwi¹zania
2;[0.0, 4.0, 1.0, 1.0, 6.0, 6.0, 1.0, 2.0, 3.0, 4.0, 5.0, 3.0, 3.0, 0.0, 0.0, 0.0, 4.0, 4.0, 1.0, 5.0, 2.0, 4.0, 1.0, 5.0, 5.0, 1.0, 3.0, 5.0, 2.0, 0.0, 5.0, 5.0, 5.0, 2.0, 3.0, 3.0, 2.0, 0.0, 2.0, 2.0, 2.0, 3.0, 4.0, 6.0, 4.0, 4.0, 1.0, 1.0, 4.0, 4.0, 4.0, 6.0, 6.0, 6.0, 1.0, 3.0, 0.0, 0.0, 4.0, 5.0, 6.0, 0.0, 1.0, 6.0];-3523;89.96297335624695;31.25% idealnego rozwi¹zania
1;[6.0, 3.0, 1.0, 1.0, 2.0, 2.0, 2.0, 2.0, 3.0, 3.0, 6.0, 6.0, 5.0, 9.0, 9.0, 1.0, 5.0, 2.0, 8.0, 4.0, 5.0, 2.0, 7.0, 2.0, 0.0, 0.0, 8.0, 1.0, 5.0, 6.0, 7.0, 2.0, 0.0, 3.0, 1.0, 1.0, 7.0, 6.0, 6.0, 8.0, 9.0, 9.0, 4.0, 3.0, 6.0, 6.0, 3.0, 3.0, 2.0, 0.0, 2.0, 3.0, 9.0, 7.0, 9.0, 9.0, 5.0, 8.0, 5.0, 3.0, 9.0, 5.0, 5.0, 8.0];-6520;110.09257006645203;37.5% idealnego rozwi¹zania
2;[0.0, 5.0, 4.0, 6.0, 6.0, 1.0, 1.0, 2.0, 3.0, 5.0, 0.0, 5.0, 5.0, 1.0, 3.0, 2.0, 4.0, 1.0, 3.0, 0.0, 2.0, 2.0, 3.0, 3.0, 1.0, 1.0, 3.0, 3.0, 1.0, 2.0, 5.0, 5.0, 2.0, 2.0, 3.0, 5.0, 2.0, 2.0, 3.0, 5.0, 1.0, 3.0, 3.0, 1.0, 5.0, 5.0, 3.0, 3.0, 0.0, 4.0, 6.0, 3.0, 6.0, 6.0, 3.0, 3.0, 0.0, 1.0, 6.0, 5.0, 5.0, 1.0, 1.0, 6.0];-3003;92.92445111274719;31.25% idealnego rozwi¹zania
0;[0.0, 0.0, 1.0, 8.0, 2.0, 4.0, 3.0, 4.0, 5.0, 5.0, 6.0, 4.0, 3.0, 2.0, 3.0, 4.0, 8.0, 7.0, 6.0, 6.0, 6.0, 5.0, 8.0, 8.0, 2.0, 2.0, 7.0, 2.0, 8.0, 5.0, 7.0, 8.0, 3.0, 3.0, 6.0, 2.0, 8.0, 4.0, 7.0, 7.0, 0.0, 0.0, 0.0, 2.0, 7.0, 7.0, 6.0, 7.0, 1.0, 8.0, 3.0, 3.0, 3.0, 2.0, 4.0, 4.0, 1.0, 8.0, 4.0, 8.0, 8.0, 2.0, 4.0, 6.0];-4852;98.21447372436523;40.625% idealnego rozwi¹zania
0;[0.0, 1.0, 1.0, 2.0, 1.0, 1.0, 3.0, 4.0, 5.0, 8.0, 3.0, 1.0, 7.0, 2.0, 3.0, 4.0, 5.0, 5.0, 6.0, 4.0, 2.0, 8.0, 2.0, 7.0, 4.0, 7.0, 7.0, 4.0, 4.0, 8.0, 1.0, 7.0, 5.0, 4.0, 6.0, 5.0, 6.0, 7.0, 8.0, 7.0, 0.0, 4.0, 3.0, 6.0, 6.0, 7.0, 4.0, 7.0, 0.0, 6.0, 1.0, 3.0, 0.0, 4.0, 4.0, 4.0, 1.0, 8.0, 1.0, 3.0, 8.0, 8.0, 1.0, 1.0];-5301;95.46524739265442;39.0625% idealnego rozwi¹zania
2;[0.0, 0.0, 1.0, 6.0, 6.0, 1.0, 1.0, 2.0, 3.0, 3.0, 2.0, 3.0, 2.0, 1.0, 5.0, 2.0, 4.0, 6.0, 1.0, 2.0, 2.0, 3.0, 5.0, 2.0, 3.0, 6.0, 1.0, 1.0, 0.0, 3.0, 5.0, 2.0, 3.0, 6.0, 5.0, 0.0, 1.0, 0.0, 0.0, 3.0, 2.0, 3.0, 3.0, 5.0, 1.0, 1.0, 5.0, 3.0, 2.0, 4.0, 5.0, 5.0, 0.0, 6.0, 5.0, 5.0, 0.0, 4.0, 1.0, 5.0, 5.0, 4.0, 1.0, 6.0];-2876;93.38980412483215;37.5% idealnego rozwi¹zania
0;[5.0, 1.0, 1.0, 2.0, 2.0, 2.0, 3.0, 4.0, 5.0, 5.0, 5.0, 5.0, 7.0, 2.0, 3.0, 5.0, 2.0, 2.0, 5.0, 6.0, 6.0, 6.0, 3.0, 8.0, 8.0, 1.0, 0.0, 3.0, 3.0, 1.0, 8.0, 8.0, 8.0, 7.0, 6.0, 6.0, 4.0, 7.0, 0.0, 7.0, 0.0, 0.0, 5.0, 8.0, 4.0, 7.0, 5.0, 8.0, 1.0, 1.0, 5.0, 3.0, 8.0, 4.0, 4.0, 1.0, 1.0, 8.0, 3.0, 3.0, 8.0, 8.0, 4.0, 1.0];-4776;98.77621006965637;35.9375% idealnego rozwi¹zania
2;[0.0, 0.0, 5.0, 5.0, 3.0, 0.0, 1.0, 2.0, 3.0, 3.0, 5.0, 5.0, 5.0, 0.0, 1.0, 2.0, 4.0, 0.0, 5.0, 5.0, 2.0, 3.0, 1.0, 5.0, 3.0, 2.0, 3.0, 6.0, 1.0, 0.0, 5.0, 5.0, 3.0, 2.0, 1.0, 0.0, 0.0, 0.0, 1.0, 3.0, 0.0, 3.0, 4.0, 5.0, 2.0, 4.0, 4.0, 3.0, 0.0, 4.0, 5.0, 5.0, 2.0, 6.0, 6.0, 4.0, 0.0, 4.0, 1.0, 5.0, 6.0, 6.0, 1.0, 6.0];-3156;92.18272829055786;34.375% idealnego rozwi¹zania
0;[0.0, 4.0, 1.0, 2.0, 4.0, 3.0, 3.0, 4.0, 5.0, 5.0, 1.0, 2.0, 4.0, 2.0, 4.0, 4.0, 8.0, 5.0, 6.0, 1.0, 1.0, 5.0, 5.0, 2.0, 8.0, 0.0, 6.0, 6.0, 0.0, 8.0, 5.0, 2.0, 5.0, 8.0, 6.0, 7.0, 0.0, 8.0, 7.0, 7.0, 0.0, 5.0, 5.0, 7.0, 2.0, 8.0, 8.0, 1.0, 7.0, 4.0, 7.0, 3.0, 1.0, 0.0, 4.0, 2.0, 1.0, 8.0, 7.0, 3.0, 8.0, 8.0, 4.0, 2.0];-4981;96.71096110343933;34.375% idealnego rozwi¹zania
2;[0.0, 4.0, 1.0, 6.0, 1.0, 1.0, 1.0, 2.0, 3.0, 1.0, 1.0, 1.0, 2.0, 0.0, 0.0, 2.0, 4.0, 5.0, 5.0, 0.0, 2.0, 6.0, 5.0, 4.0, 4.0, 2.0, 6.0, 0.0, 0.0, 6.0, 5.0, 0.0, 2.0, 6.0, 6.0, 4.0, 0.0, 3.0, 3.0, 4.0, 2.0, 3.0, 4.0, 2.0, 0.0, 6.0, 0.0, 2.0, 4.0, 4.0, 4.0, 3.0, 3.0, 6.0, 1.0, 6.0, 0.0, 3.0, 3.0, 5.0, 2.0, 6.0, 1.0, 6.0];-3283;90.80026483535767;34.375% idealnego rozwi¹zania
2;[0.0, 3.0, 1.0, 3.0, 6.0, 6.0, 1.0, 2.0, 3.0, 0.0, 1.0, 3.0, 3.0, 3.0, 1.0, 1.0, 4.0, 6.0, 6.0, 1.0, 2.0, 2.0, 5.0, 4.0, 4.0, 4.0, 4.0, 1.0, 1.0, 1.0, 5.0, 4.0, 3.0, 5.0, 0.0, 1.0, 3.0, 3.0, 5.0, 0.0, 3.0, 3.0, 1.0, 1.0, 5.0, 5.0, 0.0, 0.0, 3.0, 4.0, 6.0, 6.0, 6.0, 6.0, 3.0, 0.0, 0.0, 5.0, 0.0, 5.0, 5.0, 4.0, 1.0, 6.0];-3203;93.5275502204895;34.375% idealnego rozwi¹zania
1;[3.0, 9.0, 8.0, 1.0, 2.0, 2.0, 0.0, 2.0, 3.0, 3.0, 8.0, 4.0, 3.0, 8.0, 1.0, 1.0, 1.0, 7.0, 1.0, 4.0, 5.0, 8.0, 2.0, 0.0, 8.0, 7.0, 6.0, 3.0, 2.0, 6.0, 7.0, 7.0, 0.0, 3.0, 4.0, 8.0, 7.0, 7.0, 7.0, 2.0, 1.0, 1.0, 7.0, 6.0, 6.0, 3.0, 1.0, 7.0, 3.0, 8.0, 7.0, 6.0, 9.0, 1.0, 1.0, 9.0, 3.0, 3.0, 5.0, 4.0, 7.0, 1.0, 8.0, 8.0];-7000;112.86196160316467;37.5% idealnego rozwi¹zania
0;[0.0, 1.0, 1.0, 2.0, 7.0, 0.0, 3.0, 4.0, 0.0, 0.0, 0.0, 7.0, 7.0, 2.0, 2.0, 6.0, 5.0, 5.0, 4.0, 6.0, 6.0, 5.0, 5.0, 3.0, 2.0, 3.0, 3.0, 8.0, 8.0, 6.0, 5.0, 3.0, 5.0, 4.0, 6.0, 7.0, 2.0, 6.0, 6.0, 7.0, 0.0, 4.0, 0.0, 0.0, 7.0, 7.0, 3.0, 7.0, 0.0, 6.0, 6.0, 3.0, 1.0, 4.0, 4.0, 2.0, 1.0, 8.0, 2.0, 2.0, 8.0, 4.0, 2.0, 1.0];-5194;100.35556650161743;31.25% idealnego rozwi¹zania
1;[9.0, 3.0, 2.0, 2.0, 2.0, 2.0, 3.0, 2.0, 0.0, 3.0, 0.0, 8.0, 7.0, 0.0, 2.0, 1.0, 0.0, 8.0, 0.0, 4.0, 5.0, 9.0, 7.0, 8.0, 2.0, 8.0, 0.0, 4.0, 5.0, 3.0, 7.0, 2.0, 0.0, 3.0, 4.0, 0.0, 3.0, 3.0, 9.0, 8.0, 0.0, 3.0, 4.0, 0.0, 6.0, 8.0, 6.0, 6.0, 8.0, 8.0, 4.0, 5.0, 9.0, 1.0, 7.0, 9.0, 5.0, 5.0, 5.0, 9.0, 9.0, 1.0, 8.0, 8.0];-6710;113.19054293632507;40.625% idealnego rozwi¹zania
2;[0.0, 0.0, 0.0, 2.0, 1.0, 1.0, 1.0, 2.0, 3.0, 0.0, 1.0, 6.0, 5.0, 1.0, 2.0, 2.0, 4.0, 2.0, 3.0, 2.0, 2.0, 6.0, 5.0, 5.0, 4.0, 2.0, 5.0, 3.0, 3.0, 6.0, 5.0, 3.0, 1.0, 3.0, 6.0, 6.0, 2.0, 3.0, 3.0, 3.0, 1.0, 3.0, 3.0, 3.0, 2.0, 6.0, 6.0, 4.0, 0.0, 4.0, 2.0, 5.0, 2.0, 6.0, 1.0, 6.0, 0.0, 1.0, 1.0, 5.0, 4.0, 6.0, 1.0, 6.0];-2142;95.09185647964478;37.5% idealnego rozwi¹zania
1;[3.0, 6.0, 2.0, 1.0, 2.0, 2.0, 4.0, 2.0, 3.0, 3.0, 0.0, 7.0, 5.0, 2.0, 6.0, 1.0, 9.0, 9.0, 4.0, 4.0, 5.0, 6.0, 7.0, 9.0, 6.0, 2.0, 6.0, 5.0, 6.0, 6.0, 7.0, 4.0, 0.0, 4.0, 4.0, 7.0, 7.0, 7.0, 5.0, 1.0, 7.0, 8.0, 4.0, 3.0, 6.0, 9.0, 9.0, 3.0, 5.0, 8.0, 5.0, 3.0, 9.0, 3.0, 3.0, 9.0, 9.0, 9.0, 5.0, 6.0, 6.0, 8.0, 8.0, 8.0];-5850;107.72728633880615;42.1875% idealnego rozwi¹zania
0;[0.0, 0.0, 2.0, 2.0, 1.0, 3.0, 3.0, 4.0, 5.0, 7.0, 7.0, 5.0, 5.0, 2.0, 2.0, 5.0, 8.0, 1.0, 6.0, 6.0, 3.0, 3.0, 0.0, 5.0, 8.0, 4.0, 8.0, 2.0, 2.0, 4.0, 7.0, 2.0, 5.0, 5.0, 6.0, 2.0, 5.0, 7.0, 8.0, 7.0, 0.0, 5.0, 6.0, 3.0, 1.0, 7.0, 2.0, 7.0, 3.0, 3.0, 7.0, 3.0, 4.0, 1.0, 4.0, 2.0, 1.0, 8.0, 4.0, 8.0, 8.0, 1.0, 4.0, 5.0];-5612;103.89195370674133;34.375% idealnego rozwi¹zania
2;[0.0, 4.0, 4.0, 3.0, 6.0, 1.0, 1.0, 2.0, 3.0, 3.0, 1.0, 1.0, 6.0, 2.0, 2.0, 3.0, 4.0, 4.0, 5.0, 0.0, 2.0, 4.0, 5.0, 5.0, 6.0, 6.0, 5.0, 5.0, 4.0, 4.0, 5.0, 5.0, 0.0, 0.0, 5.0, 1.0, 1.0, 0.0, 3.0, 6.0, 3.0, 3.0, 5.0, 2.0, 2.0, 1.0, 3.0, 3.0, 4.0, 4.0, 5.0, 1.0, 1.0, 6.0, 2.0, 6.0, 0.0, 3.0, 5.0, 5.0, 4.0, 1.0, 1.0, 6.0];-3003;90.94263696670532;37.5% idealnego rozwi¹zania
2;[0.0, 2.0, 5.0, 5.0, 4.0, 4.0, 1.0, 2.0, 3.0, 3.0, 5.0, 6.0, 2.0, 4.0, 1.0, 2.0, 4.0, 4.0, 5.0, 2.0, 2.0, 4.0, 2.0, 2.0, 4.0, 3.0, 2.0, 4.0, 4.0, 1.0, 5.0, 5.0, 4.0, 5.0, 6.0, 0.0, 4.0, 1.0, 6.0, 6.0, 4.0, 3.0, 4.0, 0.0, 5.0, 4.0, 2.0, 6.0, 0.0, 4.0, 6.0, 3.0, 6.0, 6.0, 2.0, 6.0, 0.0, 6.0, 6.0, 5.0, 5.0, 6.0, 1.0, 6.0];-2763;91.20151448249817;35.9375% idealnego rozwi¹zania
2;[0.0, 0.0, 2.0, 2.0, 0.0, 4.0, 1.0, 2.0, 3.0, 4.0, 2.0, 2.0, 4.0, 4.0, 5.0, 2.0, 4.0, 0.0, 0.0, 2.0, 2.0, 5.0, 3.0, 3.0, 2.0, 3.0, 6.0, 6.0, 6.0, 5.0, 5.0, 4.0, 1.0, 3.0, 6.0, 4.0, 4.0, 2.0, 5.0, 5.0, 3.0, 3.0, 2.0, 4.0, 3.0, 0.0, 0.0, 2.0, 3.0, 4.0, 4.0, 0.0, 0.0, 6.0, 6.0, 6.0, 0.0, 0.0, 0.0, 5.0, 5.0, 1.0, 1.0, 6.0];-2796;93.78340673446655;39.0625% idealnego rozwi¹zania
2;[0.0, 0.0, 0.0, 0.0, 4.0, 4.0, 1.0, 2.0, 3.0, 3.0, 0.0, 5.0, 2.0, 1.0, 1.0, 2.0, 4.0, 0.0, 1.0, 5.0, 2.0, 2.0, 1.0, 5.0, 5.0, 5.0, 5.0, 3.0, 0.0, 0.0, 5.0, 5.0, 6.0, 6.0, 6.0, 3.0, 0.0, 6.0, 1.0, 3.0, 1.0, 3.0, 6.0, 5.0, 1.0, 3.0, 1.0, 3.0, 4.0, 4.0, 1.0, 5.0, 3.0, 6.0, 5.0, 5.0, 0.0, 6.0, 6.0, 5.0, 3.0, 6.0, 1.0, 6.0];-2335;95.38070058822632;40.625% idealnego rozwi¹zania
0;[0.0, 1.0, 1.0, 2.0, 3.0, 0.0, 3.0, 4.0, 5.0, 7.0, 0.0, 6.0, 0.0, 2.0, 4.0, 6.0, 5.0, 8.0, 6.0, 6.0, 1.0, 4.0, 4.0, 1.0, 5.0, 1.0, 1.0, 0.0, 5.0, 4.0, 8.0, 8.0, 5.0, 7.0, 2.0, 2.0, 1.0, 6.0, 8.0, 7.0, 0.0, 7.0, 7.0, 3.0, 1.0, 7.0, 7.0, 7.0, 6.0, 6.0, 3.0, 3.0, 3.0, 7.0, 4.0, 7.0, 1.0, 8.0, 7.0, 8.0, 8.0, 3.0, 3.0, 3.0];-5741;99.62616205215454;40.625% idealnego rozwi¹zania
0;[5.0, 1.0, 1.0, 2.0, 2.0, 0.0, 3.0, 4.0, 5.0, 2.0, 4.0, 4.0, 0.0, 2.0, 0.0, 3.0, 6.0, 1.0, 6.0, 6.0, 8.0, 2.0, 0.0, 0.0, 6.0, 1.0, 1.0, 2.0, 8.0, 7.0, 2.0, 2.0, 5.0, 1.0, 6.0, 6.0, 6.0, 6.0, 7.0, 7.0, 0.0, 3.0, 8.0, 3.0, 6.0, 7.0, 0.0, 0.0, 1.0, 5.0, 8.0, 3.0, 4.0, 4.0, 4.0, 1.0, 1.0, 8.0, 8.0, 5.0, 8.0, 3.0, 7.0, 7.0];-4492;98.9018144607544;35.9375% idealnego rozwi¹zania
1;[8.0, 3.0, 3.0, 1.0, 1.0, 8.0, 8.0, 2.0, 8.0, 3.0, 0.0, 2.0, 7.0, 9.0, 1.0, 1.0, 1.0, 1.0, 3.0, 4.0, 5.0, 1.0, 2.0, 0.0, 4.0, 3.0, 3.0, 4.0, 5.0, 6.0, 7.0, 9.0, 0.0, 3.0, 4.0, 7.0, 7.0, 8.0, 5.0, 8.0, 5.0, 8.0, 1.0, 6.0, 6.0, 5.0, 5.0, 9.0, 7.0, 8.0, 2.0, 5.0, 9.0, 5.0, 4.0, 9.0, 7.0, 7.0, 5.0, 5.0, 7.0, 7.0, 4.0, 8.0];-5490;113.43717098236084;35.9375% idealnego rozwi¹zania
0;[0.0, 8.0, 1.0, 2.0, 8.0, 5.0, 3.0, 4.0, 5.0, 5.0, 1.0, 6.0, 2.0, 2.0, 8.0, 2.0, 7.0, 8.0, 6.0, 8.0, 1.0, 2.0, 4.0, 2.0, 3.0, 3.0, 1.0, 8.0, 1.0, 7.0, 7.0, 1.0, 5.0, 6.0, 6.0, 0.0, 5.0, 8.0, 7.0, 7.0, 0.0, 0.0, 0.0, 3.0, 7.0, 7.0, 4.0, 7.0, 1.0, 3.0, 5.0, 3.0, 3.0, 7.0, 4.0, 4.0, 1.0, 8.0, 8.0, 3.0, 8.0, 8.0, 5.0, 5.0];-5421;95.09744882583618;43.75% idealnego rozwi¹zania
1;[4.0, 4.0, 5.0, 1.0, 2.0, 2.0, 8.0, 2.0, 4.0, 3.0, 0.0, 2.0, 5.0, 9.0, 7.0, 0.0, 1.0, 1.0, 0.0, 4.0, 5.0, 6.0, 7.0, 0.0, 0.0, 9.0, 1.0, 9.0, 6.0, 6.0, 7.0, 7.0, 0.0, 3.0, 4.0, 4.0, 7.0, 5.0, 3.0, 0.0, 3.0, 3.0, 5.0, 4.0, 9.0, 9.0, 2.0, 2.0, 7.0, 8.0, 8.0, 5.0, 9.0, 7.0, 7.0, 9.0, 2.0, 5.0, 5.0, 5.0, 2.0, 7.0, 8.0, 8.0];-6040;111.10726428031921;39.0625% idealnego rozwi¹zania
0;[0.0, 1.0, 1.0, 2.0, 3.0, 3.0, 4.0, 4.0, 5.0, 7.0, 1.0, 2.0, 2.0, 2.0, 2.0, 4.0, 0.0, 1.0, 6.0, 6.0, 0.0, 0.0, 2.0, 3.0, 7.0, 5.0, 1.0, 5.0, 5.0, 3.0, 8.0, 0.0, 5.0, 5.0, 6.0, 4.0, 7.0, 7.0, 6.0, 7.0, 0.0, 7.0, 6.0, 4.0, 1.0, 7.0, 4.0, 4.0, 8.0, 8.0, 1.0, 3.0, 1.0, 7.0, 4.0, 4.0, 1.0, 8.0, 1.0, 5.0, 8.0, 8.0, 6.0, 1.0];-5101;98.61943101882935;37.5% idealnego rozwi¹zania
0;[0.0, 3.0, 1.0, 2.0, 0.0, 2.0, 4.0, 4.0, 5.0, 5.0, 1.0, 6.0, 3.0, 2.0, 0.0, 3.0, 1.0, 1.0, 3.0, 6.0, 6.0, 6.0, 0.0, 3.0, 1.0, 2.0, 3.0, 2.0, 6.0, 6.0, 8.0, 7.0, 5.0, 2.0, 6.0, 2.0, 0.0, 0.0, 0.0, 7.0, 0.0, 2.0, 5.0, 5.0, 5.0, 7.0, 0.0, 0.0, 0.0, 8.0, 8.0, 3.0, 8.0, 8.0, 4.0, 6.0, 1.0, 8.0, 6.0, 3.0, 8.0, 3.0, 0.0, 5.0];-4301;96.47422575950623;29.6875% idealnego rozwi¹zania
1;[0.0, 3.0, 2.0, 1.0, 2.0, 4.0, 4.0, 2.0, 8.0, 3.0, 4.0, 4.0, 5.0, 9.0, 9.0, 6.0, 5.0, 3.0, 7.0, 4.0, 5.0, 5.0, 4.0, 4.0, 0.0, 3.0, 9.0, 1.0, 1.0, 6.0, 7.0, 4.0, 0.0, 3.0, 4.0, 0.0, 7.0, 6.0, 9.0, 0.0, 8.0, 8.0, 3.0, 4.0, 6.0, 9.0, 7.0, 0.0, 9.0, 8.0, 4.0, 4.0, 9.0, 9.0, 0.0, 9.0, 6.0, 6.0, 5.0, 1.0, 1.0, 7.0, 0.0, 8.0];-6750;111.51491332054138;35.9375% idealnego rozwi¹zania
2;[2.0, 6.0, 1.0, 1.0, 1.0, 1.0, 1.0, 2.0, 3.0, 3.0, 5.0, 5.0, 3.0, 5.0, 1.0, 2.0, 4.0, 3.0, 3.0, 3.0, 2.0, 5.0, 1.0, 3.0, 6.0, 3.0, 0.0, 0.0, 2.0, 5.0, 5.0, 3.0, 6.0, 0.0, 0.0, 0.0, 3.0, 2.0, 5.0, 2.0, 3.0, 3.0, 5.0, 5.0, 3.0, 2.0, 6.0, 3.0, 1.0, 4.0, 4.0, 5.0, 6.0, 6.0, 3.0, 5.0, 0.0, 0.0, 4.0, 5.0, 6.0, 1.0, 1.0, 6.0];-3283;91.98959541320801;43.75% idealnego rozwi¹zania
0;[0.0, 0.0, 1.0, 2.0, 8.0, 3.0, 3.0, 4.0, 5.0, 4.0, 1.0, 2.0, 2.0, 2.0, 2.0, 4.0, 4.0, 4.0, 6.0, 6.0, 1.0, 3.0, 8.0, 0.0, 5.0, 4.0, 1.0, 1.0, 3.0, 5.0, 4.0, 1.0, 5.0, 3.0, 6.0, 6.0, 8.0, 7.0, 7.0, 7.0, 0.0, 8.0, 1.0, 6.0, 0.0, 7.0, 8.0, 8.0, 1.0, 8.0, 4.0, 3.0, 8.0, 7.0, 4.0, 1.0, 1.0, 8.0, 4.0, 4.0, 8.0, 6.0, 6.0, 6.0];-3452;97.01187467575073;46.875% idealnego rozwi¹zania
2;[3.0, 3.0, 1.0, 1.0, 1.0, 6.0, 1.0, 2.0, 3.0, 3.0, 0.0, 0.0, 3.0, 3.0, 1.0, 2.0, 4.0, 4.0, 0.0, 5.0, 2.0, 4.0, 0.0, 3.0, 4.0, 1.0, 4.0, 4.0, 2.0, 6.0, 5.0, 3.0, 0.0, 0.0, 1.0, 0.0, 4.0, 6.0, 5.0, 1.0, 3.0, 3.0, 1.0, 1.0, 1.0, 3.0, 5.0, 5.0, 4.0, 4.0, 4.0, 2.0, 2.0, 6.0, 6.0, 6.0, 0.0, 0.0, 1.0, 5.0, 5.0, 3.0, 1.0, 6.0];-3335;93.57148313522339;42.1875% idealnego rozwi¹zania
2;[0.0, 0.0, 0.0, 2.0, 6.0, 1.0, 1.0, 2.0, 3.0, 3.0, 4.0, 2.0, 0.0, 6.0, 1.0, 6.0, 4.0, 4.0, 6.0, 2.0, 2.0, 3.0, 3.0, 2.0, 1.0, 1.0, 3.0, 0.0, 0.0, 6.0, 5.0, 5.0, 1.0, 1.0, 3.0, 4.0, 4.0, 6.0, 5.0, 0.0, 3.0, 3.0, 4.0, 1.0, 1.0, 1.0, 3.0, 3.0, 1.0, 4.0, 4.0, 3.0, 4.0, 6.0, 6.0, 6.0, 0.0, 2.0, 5.0, 5.0, 4.0, 0.0, 1.0, 6.0];-2949;93.3223831653595;35.9375% idealnego rozwi¹zania
0;[0.0, 6.0, 1.0, 2.0, 5.0, 2.0, 3.0, 4.0, 6.0, 6.0, 1.0, 6.0, 7.0, 2.0, 6.0, 6.0, 0.0, 6.0, 1.0, 6.0, 7.0, 7.0, 5.0, 5.0, 6.0, 2.0, 6.0, 6.0, 3.0, 0.0, 5.0, 1.0, 5.0, 6.0, 6.0, 6.0, 3.0, 8.0, 4.0, 7.0, 0.0, 8.0, 4.0, 4.0, 3.0, 7.0, 4.0, 3.0, 1.0, 5.0, 4.0, 3.0, 7.0, 7.0, 4.0, 3.0, 1.0, 8.0, 8.0, 4.0, 8.0, 4.0, 4.0, 6.0];-5461;95.37228727340698;42.1875% idealnego rozwi¹zania
2;[0.0, 0.0, 3.0, 3.0, 3.0, 1.0, 1.0, 2.0, 3.0, 3.0, 2.0, 5.0, 3.0, 3.0, 3.0, 2.0, 4.0, 6.0, 2.0, 2.0, 2.0, 4.0, 2.0, 6.0, 4.0, 4.0, 2.0, 3.0, 6.0, 4.0, 5.0, 6.0, 6.0, 1.0, 2.0, 0.0, 6.0, 5.0, 5.0, 1.0, 3.0, 3.0, 3.0, 3.0, 6.0, 0.0, 0.0, 1.0, 4.0, 4.0, 1.0, 3.0, 6.0, 6.0, 1.0, 6.0, 0.0, 5.0, 5.0, 5.0, 6.0, 6.0, 1.0, 6.0];-1636;92.15109467506409;39.0625% idealnego rozwi¹zania
1;[1.0, 6.0, 8.0, 0.0, 2.0, 8.0, 5.0, 2.0, 1.0, 3.0, 0.0, 0.0, 2.0, 8.0, 5.0, 1.0, 4.0, 3.0, 4.0, 4.0, 5.0, 9.0, 9.0, 1.0, 0.0, 7.0, 6.0, 2.0, 7.0, 7.0, 7.0, 7.0, 0.0, 3.0, 4.0, 4.0, 7.0, 1.0, 2.0, 2.0, 3.0, 3.0, 3.0, 5.0, 6.0, 6.0, 7.0, 0.0, 8.0, 8.0, 5.0, 5.0, 9.0, 2.0, 9.0, 9.0, 4.0, 7.0, 5.0, 2.0, 1.0, 0.0, 5.0, 8.0];-6150;112.90147495269775;37.5% idealnego rozwi¹zania
0;[0.0, 8.0, 1.0, 2.0, 8.0, 0.0, 3.0, 4.0, 5.0, 8.0, 1.0, 1.0, 1.0, 2.0, 3.0, 4.0, 2.0, 4.0, 8.0, 6.0, 4.0, 4.0, 4.0, 1.0, 6.0, 8.0, 8.0, 6.0, 3.0, 1.0, 1.0, 7.0, 5.0, 8.0, 6.0, 6.0, 3.0, 5.0, 6.0, 7.0, 0.0, 0.0, 1.0, 1.0, 3.0, 7.0, 7.0, 4.0, 7.0, 4.0, 4.0, 3.0, 2.0, 4.0, 4.0, 5.0, 1.0, 8.0, 5.0, 4.0, 8.0, 8.0, 1.0, 1.0];-4621;97.5662055015564;43.75% idealnego rozwi¹zania
2;[0.0, 0.0, 6.0, 0.0, 3.0, 1.0, 1.0, 2.0, 3.0, 4.0, 0.0, 2.0, 6.0, 6.0, 1.0, 2.0, 4.0, 4.0, 4.0, 2.0, 2.0, 2.0, 2.0, 0.0, 6.0, 0.0, 0.0, 6.0, 3.0, 3.0, 5.0, 0.0, 0.0, 0.0, 3.0, 6.0, 6.0, 6.0, 2.0, 2.0, 3.0, 3.0, 1.0, 1.0, 1.0, 6.0, 6.0, 1.0, 1.0, 4.0, 4.0, 5.0, 5.0, 6.0, 6.0, 5.0, 0.0, 0.0, 5.0, 5.0, 0.0, 1.0, 1.0, 6.0];-2676;92.56950426101685;39.0625% idealnego rozwi¹zania
2;[0.0, 0.0, 0.0, 3.0, 3.0, 3.0, 1.0, 2.0, 3.0, 3.0, 4.0, 4.0, 2.0, 1.0, 1.0, 2.0, 4.0, 5.0, 2.0, 2.0, 2.0, 2.0, 3.0, 2.0, 3.0, 1.0, 0.0, 0.0, 0.0, 0.0, 5.0, 5.0, 3.0, 2.0, 5.0, 5.0, 3.0, 2.0, 3.0, 3.0, 2.0, 3.0, 5.0, 0.0, 0.0, 2.0, 0.0, 0.0, 2.0, 4.0, 0.0, 5.0, 1.0, 6.0, 4.0, 6.0, 0.0, 5.0, 5.0, 5.0, 1.0, 6.0, 1.0, 6.0];-2349;92.216068983078;40.625% idealnego rozwi¹zania
1;[3.0, 9.0, 0.0, 1.0, 2.0, 4.0, 9.0, 2.0, 3.0, 3.0, 0.0, 1.0, 9.0, 4.0, 9.0, 9.0, 5.0, 8.0, 4.0, 4.0, 5.0, 3.0, 6.0, 5.0, 5.0, 6.0, 5.0, 8.0, 8.0, 6.0, 7.0, 1.0, 0.0, 6.0, 3.0, 0.0, 7.0, 2.0, 8.0, 1.0, 1.0, 1.0, 1.0, 0.0, 6.0, 9.0, 9.0, 9.0, 1.0, 8.0, 8.0, 3.0, 9.0, 9.0, 5.0, 9.0, 2.0, 5.0, 5.0, 8.0, 7.0, 7.0, 8.0, 8.0];-7560;110.06012773513794;40.625% idealnego rozwi¹zania
0;[0.0, 0.0, 1.0, 2.0, 4.0, 4.0, 5.0, 4.0, 5.0, 7.0, 1.0, 2.0, 4.0, 2.0, 5.0, 3.0, 0.0, 6.0, 0.0, 6.0, 6.0, 0.0, 8.0, 8.0, 2.0, 2.0, 6.0, 3.0, 5.0, 0.0, 0.0, 3.0, 5.0, 5.0, 6.0, 2.0, 5.0, 8.0, 8.0, 7.0, 0.0, 8.0, 0.0, 2.0, 1.0, 7.0, 8.0, 7.0, 0.0, 8.0, 3.0, 3.0, 5.0, 0.0, 4.0, 4.0, 1.0, 8.0, 8.0, 8.0, 8.0, 6.0, 6.0, 2.0];-4492;99.55567145347595;35.9375% idealnego rozwi¹zania
